%YAML:1.0
---
camera_matrix: !!opencv-matrix
   rows: 3
   cols: 3
   dt: d
   data: [ 6.2984310830389950e+02, 0., 3.1986447399277881e+02, 0.,
       6.2973173767924868e+02, 2.5949695374246625e+02, 0., 0., 1. ]
dist_coeff: !!opencv-matrix
   rows: 1
   cols: 5
   dt: d
   data: [ 1.2032319233697318e-01, -8.1918049370802848e-01,
       3.2729532045791924e-03, 1.0811364519422604e-03,
       1.4172378815022864e+00 ]